inf 1 
inf 2 
inf 3 
inf 4 
inf 5 
inf 6 
inf 7 
inf 8 
inf 9 
0.000601805 10 
inf 11 
inf 12 
inf 13 
inf 14 
inf 15 
inf 16 
inf 17 
inf 18 
inf 19 
inf 20 
inf 21 
inf 22 
inf 23 
inf 24 
inf 25 
inf 26 
inf 27 
inf 28 
inf 29 
inf 30 
inf 31 
inf 32 
inf 33 
inf 34 
inf 35 
inf 36 
inf 37 
0.0086988 38 
inf 39 
inf 40 
0.0101062 41 
inf 42 
inf 43 
0.011651 44 
inf 45 
0.0127214 46 
inf 47 
inf 48 
inf 49 
inf 50 
inf 51 
inf 52 
inf 53 
0.0175311 54 
inf 55 
0.0188916 56 
inf 57 
0.0202244 58 
0.0209488 59 
0.0216216 60 
inf 61 
0.0231566 62 
0.0238857 63 
inf 64 
inf 65 
0.0264267 66 
0.027015 67 
0.0278275 68 
inf 69 
0.0194059 70 
0.0299465 71 
inf 72 
inf 73 
0.02223 74 
0.065918 75 
0.0343129 76 
0.0273016 77 
0.0711579 78 
0.0370752 79 
0.038477 80 
0.0211759 81 
0.0783379 82 
0.025452 83 
0.0416693 84 
0.0436996 85 
0.0446439 86 
0.0455507 87 
0.0465571 88 
0.0238345 89 
0.0486974 90 
0.0497856 91 
0.0514008 92 
0.0519459 93 
0.0532289 94 
0.0547523 95 
0.0553514 96 
0.0566239 97 
0.0577974 98 
0.0588649 99 
0.0597015 100 
0.0307105 101 
0.0625491 102 
0.0319228 103 
0.0650261 104 
0.0662826 105 
0.0338094 106 
0.0689007 107 
0.0703357 108 
0.0357323 109 
0.0727455 110 
0.0370742 111 
0.0754905 112 
0.0768445 113 
0.0390466 114 
0.0398144 115 
0.0404895 116 
0.0411699 117 
0.0836276 118 
0.0852217 119 
0.08666 120 
0.0882874 121 
0.0895727 122 
0.0912302 123 
0.0925336 124 
0.0940321 125 
0.0477713 126 
0.0431449 127 
0.0406887 128 
0.0989554 129 
0.0507254 130 
0.051483 131 
0.0523243 132 
0.0532 133 
0.0745578 134 
0.0547846 135 
0.0556829 136 
0.0565331 137 
0.0330625 138 
0.052125 139 
0.0590065 140 
0.0597925 141 
0.0607654 142 
0.0614392 143 
0.0428725 144 
0.042036 145 
0.064012 146 
0.0647946 147 
0.0439545 148 
0.0445505 149 
0.0508666 150 
0.0454958 151 
0.0457203 152 
0.04766 153 
0.0475906 154 
0.0481624 155 
0.0678198 156 
0.07391 157 
0.0750045 158 
0.0758809 159 
0.150147 160 
0.0779579 161 
0.0789689 162 
0.0847046 163 
0.0809308 164 
0.0817977 165 
0.0552963 166 
0.0831267 167 
0.085441 168 
0.0858117 169 
0.0571523 170 
0.0675052 171 
0.0675691 172 
0.0673066 173 
0.0893537 174 
0.0613933 175 
0.0686069 176 
0.0587602 177 
0.0931882 178 
0.0990959 179 
0.0972486 180 
0.0776327 181 
0.0785239 182 
0.0546313 183 
0.0636192 184 
0.0673058 185 
0.0693075 186 
0.0632351 187 
0.070877 188 
0.0716809 189 
0.00452372 190 
0.0203672 191 
0.0739251 192 
0.0746972 193 
0.0754733 194 
0.0762788 195 
0.0770117 196 
0.0778516 197 
0.0785914 198 
0.0794138 199 
0.0802139 200 
0.0810451 201 
0.0818262 202 
0.0619684 203 
0.0501196 204 
0.0654425 205 
0.0484614 206 
0.0515528 207 
0.0520626 208 
0.0524802 209 
0.0663158 210 
0.0668483 211 
0.0862097 212 
0.0670643 213 
0.0627342 214 
0.0639792 215 
0.0694803 216 
0.0715276 217 
0.0714826 218 
0.0716014 219 
0.0806891 220 
0.0814243 221 
0.074 222 
0.0756335 223 
0.067245 224 
0.0998193 225 
0.0768638 226 
0.0775066 227 
0.0729771 228 
0.078918 229 
0.0795688 230 
0.0802622 231 
0.0921381 232 
0.0816581 233 
0.0808804 234 
0.0821393 235 
0.0720984 236 
0.0746928 237 
0.0680272 238 
0.0682178 239 
0.087649 240 
0.0874056 241 
0.0730224 242 
0.0883967 243 
0.0717157 244 
0.0736052 245 
0.068264 246 
0.0813092 247 
0.0735547 248 
0.093258 249 
0.0940557 250 
0.0947859 251 
0.0762658 252 
0.0770574 253 
0.0786461 254 
0.0730892 255 
0.0756912 256 
0.072875 257 
0.0674066 258 
0.0807394 259 
0.0810228 260 
0.0764975 261 
0.0825875 262 
0.0832192 263 
0.0809791 264 
0.0836842 265 
0.0846195 266 
0.0682627 267 
0.0721849 268 
0.0738754 269 
0.0865796 270 
0.088679 271 
0.0787203 272 
0.0892029 273 
0.081797 274 
0.0902446 275 
0.0763159 276 
0.0724656 277 
0.0791169 278 
0.0780752 279 
0.0786096 280 
0.0793047 281 
0.0747992 282 
0.0801692 283 
0.0693616 284 
0.0799984 285 
0.0820147 286 
0.0824515 287 
0.0818526 288 
0.090293 289 
0.0760512 290 
0.0728021 291 
0.0732823 292 
0.0737746 293 
0.0743109 294 
0.0654405 295 
0.075293 296 
0.0758244 297 
0.0763358 298 
0.076838 299 
0.0676268 300 
0.0681296 301 
0.0729437 302 
0.0789076 303 
0.0794407 304 
0.0799642 305 
0.0804779 306 
0.0810047 307 
0.0732069 308 
0.0717812 309 
0.0642523 310 
0.0582014 311 
0.0731543 312 
0.0736148 313 
0.072989 314 
0.0687154 315 
0.0750515 316 
0.0755746 317 
0.0675963 318 
0.0765216 319 
0.0770118 320 
0.0774744 321 
0.0779774 322 
0.0784527 323 
0.0789095 324 
0.0747082 325 
0.0798968 326 
0.0804179 327 
0.0719144 328 
0.0723536 329 
0.08189 330 
0.0824077 331 
0.082896 332 
0.0833961 333 
0.0839188 334 
0.0843797 335 
0.0849055 336 
0.0803081 337 
0.0763663 338 
0.0864284 339 
0.0772813 340 
0.0777193 341 
0.0781845 342 
0.0786424 343 
0.0791104 344 
0.0795622 345 
0.0800062 346 
0.0762082 347 
0.0809609 348 
0.0814178 349 
0.073699 350 
0.0741207 351 
0.0745437 352 
0.0749603 353 
0.0753932 354 
0.0758197 355 
0.0846883 356 
0.0806639 357 
0.0856807 358 
0.0775302 359 
0.0779705 360 
0.0784043 361 
0.0788393 362 
0.0792754 363 
0.0797128 364 
0.0801514 365 
0.0805912 366 
0.077112 367 
0.0814826 368 
0.0819178 369 
0.0823624 370 
0.0828082 371 
0.0751406 372 
0.0754564 373 
0.0764977 374 
0.084578 375 
0.0809096 376 
0.0777369 377 
0.0781427 378 
0.0785711 379 
0.0789718 380 
0.0793953 381 
0.0798053 382 
0.0735283 383 
0.0887131 384 
0.0810416 385 
0.0746972 386 
0.0750847 387 
0.0754733 388 
0.0758628 389 
0.0762597 390 
0.0836329 391 
0.0770181 392 
0.0807014 393 
0.0778255 394 
0.0782211 395 
0.0786242 396 
0.0790152 397 
0.0794138 398 
0.0798133 399 
0.0801938 400 
0.0773082 401 
0.0810248 402 
0.0814216 403 
0.0818262 404 
0.0822524 405 
0.0762835 406 
0.0766361 407 
0.0649362 408 
0.0770525 409 
0.0778001 410 
0.07818 411 
0.0785549 412 
0.0789367 413 
0.0736132 414 
0.0766921 415 
0.0743687 416 
0.0804731 417 
0.0808658 418 
0.0754452 419 
0.0758058 420 
0.0819864 421 
0.0793012 422 
0.0828119 423 
0.0772566 424 
0.0836227 425 
0.0779815 426 
0.0783537 427 
0.0786817 428 
0.0782931 429 
0.0782314 430 
0.0745031 431 
0.0748492 432 
0.0751961 433 
0.0809495 434 
0.0812822 435 
0.0787854 436 
0.0820666 437 
0.0769479 438 
0.0772842 439 
0.0776471 440 
0.0835758 441 
0.0757812 442 
0.0786779 443 
0.0790705 444 
0.0794377 445 
0.0797791 446 
0.0751303 447 
0.0754337 448 
0.0781652 449 
0.0812166 450 
0.0764857 451 
0.0768156 452 
0.0823086 453 
0.0774727 454 
0.0754098 455 
0.0781861 456 
0.0785294 457 
0.0742352 458 
0.0792133 459 
0.0795339 460 
0.0774399 461 
0.0755331 462 
0.0758649 463 
0.0761885 464 
0.0765173 465 
0.0816274 466 
0.0749061 467 
0.0775078 468 
0.0778439 469 
0.0738302 470 
0.0785278 471 
0.0788104 472 
0.0791447 473 
0.0795173 474 
0.0798531 475 
0.0757273 476 
0.0760204 477 
0.0784674 478 
0.0766848 479 
0.0770053 480 
0.0773265 481 
0.0822289 482 
0.0779492 483 
0.0761024 484 
0.0786224 485 
0.0789425 486 
0.0792721 487 
0.0795714 488 
0.0821345 489 
0.0802518 490 
0.0763357 491 
0.076647 492 
0.0769305 493 
0.0808066 494 
0.0775846 495 
0.0779148 496 
0.0743033 497 
0.0745765 498 
0.0767653 499 
0.0751993 500 
0.0755117 501 
0.0758059 502 
0.0760815 503 
0.0744879 504 
0.0767108 505 
0.0770149 506 
0.0779488 507 
0.0776055 508 
0.0759768 509 
0.0745094 510 
0.078576 511 
0.0788601 512 
0.0791406 513 
0.0774655 514 
0.0759848 515 
0.0762948 516 
0.0765615 517 
0.0786874 518 
0.0771697 519 
0.0774637 520 
0.0692952 521 
0.0780384 522 
0.0764688 523 
0.0789806 524 
0.0789681 525 
0.0792654 526 
0.0776466 527 
0.0798655 528 
0.0765255 529 
0.0768151 530 
0.0770842 531 
0.0755974 532 
0.0776907 533 
0.0779789 534 
0.0748464 535 
0.0803213 536 
0.0788576 537 
0.0791479 538 
0.0759929 539 
0.0778777 540 
0.0765579 541 
0.0768379 542 
0.0764187 543 
0.0773824 544 
0.0793619 545 
0.0779796 546 
0.0782689 547 
0.0785314 548 
0.0618047 549 
0.05727 550 
0.0752916 551 
0.0704111 552 
0.0704196 553 
0.080278 554 
0.0687633 555 
0.0791135 556 
0.0777729 557 
0.0780524 558 
0.0783193 559 
0.0769822 560 
0.0788939 561 
0.0791754 562 
0.0794442 563 
0.0814031 564 
0.0772505 565 
0.0803065 566 
0.0773554 567 
0.0792007 568 
0.0779114 569 
0.0781855 570 
0.0784538 571 
0.0803103 572 
0.0790139 573 
0.0792899 574 
0.0764922 575 
0.0814374 576 
0.0770372 577 
0.0773044 578 
0.0790601 579 
0.0809562 580 
0.078106 581 
0.078372 582 
0.0771394 583 
0.0789177 584 
0.0791943 585 
0.0794469 586 
0.0782015 587 
0.0800025 588 
0.0772997 589 
0.0789969 590 
0.0778284 591 
0.0810946 592 
0.0783532 593 
0.0800747 594 
0.0788855 595 
0.079148 596 
0.0794079 597 
0.0782047 598 
0.0744272 599 
0.0773417 600 
0.079478 601 
0.0743901 602 
0.0730236 603 
0.0742704 604 
0.078563 605 
0.0789048 606 
0.0791881 607 
0.0807274 608 
0.0789949 609 
0.0771965 610 
0.078721 611 
0.0776928 612 
0.0779442 613 
0.0793537 614 
0.0784618 615 
0.0787144 616 
0.0789075 617 
0.0777533 618 
0.079494 619 
0.0806095 620 
0.0781071 621 
0.0802081 622 
0.0778282 623 
0.0742541 624 
0.0783339 625 
0.0785848 626 
0.0788123 627 
0.077752 628 
0.0793398 629 
0.0770007 630 
0.0784245 631 
0.0751056 632 
0.0730429 633 
0.0743881 634 
0.0735097 635 
0.0784946 636 
0.075022 637 
0.0760001 638 
0.0767521 639 
0.0807916 640 
0.0790333 641 
0.0790419 642 
0.078915 643 
0.0792464 644 
0.0790672 645 
0.0773548 646 
0.0777602 647 
0.0751573 648 
0.0732354 649 
0.0727445 650 
0.0769661 651 
0.077369 652 
0.0785597 653 
0.0779248 654 
0.0782631 655 
0.082256 656 
0.134982 657 
0.160397 658 
0.158208 659 
0.16379 660 
0.164287 661 
0.164857 662 
0.165283 663 
0.160628 664 
0.166021 665 
0.166469 666 
0.164257 667 
0.157909 668 
0.161022 669 
0.163197 670 
0.159321 671 
0.169577 672 
0.162993 673 
0.167013 674 
0.162966 675 
0.161257 676 
0.165761 677 
0.166221 678 
0.16109 679 
0.154683 680 
0.157465 681 
0.159198 682 
0.159994 683 
0.16573 684 
0.16965 685 
0.165868 686 
0.161873 687 
0.152856 688 
0.155612 689 
0.165811 690 
0.163372 691 
0.155467 692 
0.158708 693 
0.165425 694 
0.152014 695 
0.15975 696 
0.157944 697 
0.166594 698 
0.148473 699 
0.154818 700 
0.171529 701 
0.164332 702 
0.158901 703 
0.165536 704 
0.151179 705 
0.163431 706 
0.159654 707 
0.162889 708 
0.161116 709 
0.16767 710 
0.160076 711 
0.163083 712 
0.15688 713 
0.156124 714 
0.160175 715 
0.161747 716 
0.166489 717 
0.158941 718 
0.164036 719 
0.166536 720 
0.142163 721 
0.165068 722 
0.161121 723 
0.165975 724 
0.166425 725 
0.16149 726 
0.158733 727 
0.15697 728 
0.151228 729 
0.150835 730 
0.150836 731 
0.158802 732 
0.160361 733 
0.162056 734 
0.149889 735 
0.158476 736 
0.161979 737 
0.145013 738 
0.0986995 739 
0.109798 740 
0.111943 741 
0.0970385 742 
0.0971233 743 
0.103928 744 
0.142351 745 
0.153163 746 
0.100575 747 
0.107808 748 
0.126718 749 
0.100912 750 
0.107661 751 
0.106125 752 
0.13145 753 
0.144839 754 
0.139019 755 
0.151541 756 
0.148555 757 
0.152202 758 
0.144908 759 
0.151086 760 
0.158338 761 
0.162403 762 
0.159193 763 
0.167216 764 
0.160029 765 
0.139954 766 
0.158241 767 
0.155128 768 
0.151689 769 
0.155047 770 
0.158878 771 
0.153822 772 
0.159412 773 
0.156751 774 
0.146924 775 
0.157521 776 
0.149032 777 
0.151707 778 
0.161044 779 
0.109166 780 
0.0897463 781 
0.125069 782 
0.113672 783 
0.112014 784 
0.139003 785 
0.147645 786 
0.130297 787 
0.127026 788 
0.131352 789 
0.144417 790 
0.145254 791 
0.160098 792 
0.151311 793 
0.156734 794 
0.148823 795 
0.15424 796 
0.154108 797 
0.138436 798 
0.144407 799 
0.145229 800 
0.140353 801 
0.153815 802 
0.153648 803 
0.158994 804 
0.152758 805 
0.155515 806 
0.151853 807 
0.155271 808 
0.157233 809 
0.146163 810 
0.159641 811 
0.135691 812 
0.127765 813 
0.130518 814 
0.153059 815 
0.156249 816 
0.154559 817 
0.155291 818 
0.154868 819 
0.155122 820 
0.156064 821 
0.157889 822 
0.148934 823 
0.154354 824 
0.151093 825 
0.139491 826 
0.141811 827 
0.148582 828 
0.127 829 
0.113284 830 
0.112414 831 
0.140572 832 
0.0734106 833 
0.124887 834 
0.139823 835 
0.144974 836 
0.153219 837 
0.156483 838 
0.156851 839 
0.157208 840 
0.154698 841 
0.157981 842 
0.158344 843 
0.155742 844 
0.159091 845 
0.15378 846 
0.154132 847 
0.151752 848 
0.154867 849 
0.155232 850 
0.147661 851 
0.150587 852 
0.150946 853 
0.153913 854 
0.151654 855 
0.152009 856 
0.152344 857 
0.161022 858 
0.153077 859 
0.153433 860 
0.156446 861 
0.142191 862 
0.140209 863 
0.141789 864 
0.120633 865 
0.141173 866 
0.145025 867 
0.137357 868 
0.138397 869 
0.135893 870 
0.138312 871 
0.147561 872 
0.151894 873 
0.151387 874 
0.141888 875 
0.156543 876 
0.151463 877 
0.155603 878 
0.1575 879 
0.151024 880 
0.15641 881 
0.155975 882 
0.151151 883 
0.151651 884 
0.154553 885 
0.147242 886 
0.154445 887 
0.145421 888 
0.13494 889 
0.132348 890 
0.13514 891 
0.148889 892 
0.154604 893 
0.145585 894 
0.128321 895 
0.128286 896 
0.136294 897 
0.142085 898 
0.111353 899 
0.100128 900 
0.14113 901 
0.155476 902 
0.156925 903 
0.154366 904 
0.15414 905 
0.153446 906 
0.151005 907 
0.15943 908 
0.15268 909 
0.14963 910 
0.132671 911 
0.130712 912 
0.135364 913 
0.153877 914 
0.146852 915 
0.141152 916 
0.14617 917 
0.152857 918 
0.153194 919 
0.145542 920 
0.149967 921 
0.148128 922 
0.136772 923 
0.102006 924 
0.124748 925 
0.148267 926 
0.135079 927 
0.15281 928 
0.114753 929 
0.100669 930 
0.134887 931 
0.143776 932 
0.152361 933 
0.154957 934 
0.154493 935 
0.144997 936 
0.132617 937 
0.126049 938 
0.146962 939 
0.109589 940 
0.110976 941 
0.14232 942 
0.144589 943 
0.150946 944 
0.149235 945 
0.145515 946 
0.147789 947 
0.136074 948 
0.135711 949 
0.111746 950 
0.126634 951 
0.14292 952 
0.149205 953 
0.150267 954 
0.151281 955 
0.150927 956 
0.147195 957 
0.142965 958 
0.146722 959 
0.14932 960 
0.148572 961 
0.149201 962 
0.141959 963 
0.148731 964 
0.14817 965 
0.147667 966 
0.147158 967 
0.128527 968 
0.128719 969 
0.134983 970 
0.143927 971 
0.134985 972 
0.140478 973 
0.138547 974 
0.147479 975 
0.141615 976 
0.124669 977 
0.127872 978 
0.135657 979 
0.148149 980 
0.140617 981 
0.141497 982 
0.145328 983 
0.143811 984 
0.145847 985 
0.139183 986 
0.134644 987 
0.141484 988 
0.147115 989 
0.147406 990 
0.142348 991 
0.131556 992 
0.136348 993 
0.138232 994 
0.133388 995 
0.125936 996 
0.13257 997 
0.139643 998 
0.13962 999 
0.143137 1000 
