inf 1 
inf 2 
inf 3 
inf 4 
inf 5 
inf 6 
inf 7 
inf 8 
inf 9 
inf 10 
inf 11 
inf 12 
inf 13 
inf 14 
inf 15 
inf 16 
inf 17 
inf 18 
inf 19 
inf 20 
inf 21 
inf 22 
inf 23 
inf 24 
inf 25 
0.00793738 26 
inf 27 
inf 28 
inf 29 
inf 30 
inf 31 
inf 32 
inf 33 
inf 34 
inf 35 
inf 36 
inf 37 
inf 38 
0.009126 39 
inf 40 
inf 41 
inf 42 
inf 43 
0.0116744 44 
inf 45 
inf 46 
inf 47 
0.0138656 48 
inf 49 
inf 50 
inf 51 
inf 52 
inf 53 
inf 54 
inf 55 
inf 56 
inf 57 
inf 58 
inf 59 
0.0216 60 
inf 61 
inf 62 
inf 63 
inf 64 
inf 65 
inf 66 
0.026988 67 
inf 68 
0.028652 69 
inf 70 
inf 71 
inf 72 
inf 73 
0.0326925 74 
0.0337163 75 
inf 76 
0.0359333 77 
0.0365405 78 
0.0374835 79 
inf 80 
inf 81 
0.0401833 82 
0.0415417 83 
0.0425915 84 
0.0434369 85 
0.0442433 86 
0.0456422 87 
0.0454638 88 
0.0471956 89 
0.0486486 90 
0.0499859 91 
0.0481822 92 
0.0512787 93 
0.0534975 94 
0.0543129 95 
0.0549662 96 
0.0550771 97 
0.059714 98 
0.0589829 99 
0.059761 100 
0.0617619 101 
0.041313 102 
0.0633373 103 
0.0650913 104 
0.0658865 105 
0.0676189 106 
0.0689007 107 
0.0701242 108 
0.0357503 109 
0.0727455 110 
0.0370742 111 
0.0754905 112 
0.038403 113 
0.0781323 114 
0.0397944 115 
0.0808978 116 
0.0823811 117 
0.0837114 118 
0.0852217 119 
0.0433083 120 
0.0881103 121 
0.0895727 122 
0.0455236 123 
0.0924409 124 
0.0939379 125 
0.0477713 126 
0.0485083 127 
0.0492752 128 
0.100146 129 
0.0508526 130 
0.103172 131 
0.052403 132 
0.106453 133 
0.0538949 134 
0.109789 135 
0.0688864 136 
0.222557 137 
0.104926 138 
0.076874 139 
0.117954 140 
0.119645 141 
0.121348 142 
0.123063 143 
0.12479 144 
0.126403 145 
0.128281 146 
0.0650221 147 
0.131687 148 
inf 149 
0.133796 150 
0.136806 151 
0.134196 152 
0.278679 153 
0.142724 154 
0.144439 155 
0.146309 156 
0.148488 157 
0.150084 158 
0.152142 159 
0.154062 160 
0.155838 161 
0.157938 162 
0.159733 163 
0.161376 164 
0.163842 165 
0.165834 166 
0.167669 167 
0.169854 168 
0.171882 169 
0.173747 170 
0.175974 171 
0.17786 172 
0.0900572 173 
0.18202 174 
0.184303 175 
0.12341 176 
0.187786 177 
0.0943913 178 
0.380685 179 
0.194985 180 
0.19696 181 
0.099671 182 
0.201539 183 
0.203543 184 
0.102984 185 
0.207992 186 
0.105223 187 
0.212489 188 
0.214971 189 
0.109063 190 
0.219765 191 
0.110869 192 
0.224166 193 
0.113191 194 
0.228837 195 
0.115537 196 
0.233555 197 
0.117907 198 
0.11916 199 
0.240481 200 
0.121568 201 
0.122719 202 
0.247749 203 
0.125224 204 
0.126391 205 
0.255382 206 
0.257868 207 
0.130183 208 
0.131371 209 
0.26513 210 
0.26793 211 
0.13517 212 
0.136517 213 
0.137732 214 
0.139023 215 
0.140389 216 
0.141621 217 
0.142929 218 
0.183057 219 
0.29011 220 
0.293633 221 
0.148297 222 
0.298972 223 
0.150981 224 
0.152179 225 
0.153689 226 
0.154742 227 
0.156343 228 
0.157796 229 
0.159098 230 
0.160484 231 
0.161958 232 
0.163357 233 
0.218587 234 
0.165841 235 
0.167507 236 
0.169014 237 
0.170358 238 
0.114547 239 
0.173233 240 
0.174767 241 
0.121376 242 
0.177324 243 
0.179056 244 
0.120371 245 
0.182003 246 
0.183578 247 
0.184974 248 
0.186563 249 
0.188064 250 
0.189477 251 
0.190989 252 
0.12836 253 
0.19413 254 
0.128677 255 
0.196805 256 
0.132451 257 
0.200293 258 
0.129126 259 
0.135471 260 
0.143413 261 
0.151588 262 
0.208131 263 
0.139765 264 
0.140826 265 
0.14189 266 
0.123444 267 
0.162253 268 
0.0939143 269 
0.0903906 270 
0.101978 271 
0.12683 272 
0.148267 273 
0.11065 274 
0.133495 275 
0.11099 276 
0.0988139 277 
0.142854 278 
0.138754 279 
0.19966 280 
0.132856 281 
0.159473 282 
0.160553 283 
0.161797 284 
0.16283 285 
0.123032 286 
0.165234 287 
0.165999 288 
0.167601 289 
0.126434 290 
0.169872 291 
0.170927 292 
0.173959 293 
0.129914 294 
0.174515 295 
0.131753 296 
0.176831 297 
0.155342 298 
0.1775 299 
0.136329 300 
0.181747 301 
0.137149 302 
0.138163 303 
0.138382 304 
0.186174 305 
0.190253 306 
0.147073 307 
0.142653 308 
0.143616 309 
0.192714 310 
0.193507 311 
0.146639 312 
0.147359 313 
0.148302 314 
0.149173 315 
0.149784 316 
0.131444 317 
0.149114 318 
0.172379 319 
0.144667 320 
0.154949 321 
0.155955 322 
0.148546 323 
0.170231 324 
0.160038 325 
0.159814 326 
0.160836 327 
0.174225 328 
0.16285 329 
0.130445 330 
0.164795 331 
0.165709 332 
0.165259 333 
0.159252 334 
0.168675 335 
0.169768 336 
0.132674 337 
0.171839 338 
0.138237 339 
0.173965 340 
0.1962 341 
0.17593 342 
0.141433 343 
0.177993 344 
0.143202 345 
0.160298 346 
0.144867 347 
0.182157 348 
0.183205 349 
0.142608 350 
0.148227 351 
0.185485 352 
0.189567 353 
0.18854 354 
0.150988 355 
0.105438 356 
0.127768 357 
0.154229 358 
0.137327 359 
0.155241 360 
0.157519 361 
0.194909 362 
0.197802 363 
0.159378 364 
0.158917 365 
0.180453 366 
0.162081 367 
0.161958 368 
0.146725 369 
0.138867 370 
0.155351 371 
0.141088 372 
0.165663 373 
0.161644 374 
0.155387 375 
0.170264 376 
0.142509 377 
0.152328 378 
0.172819 379 
0.173767 380 
0.163225 381 
0.1756 382 
0.145959 383 
0.162486 384 
0.149145 385 
0.149419 386 
0.171328 387 
0.180906 388 
0.178129 389 
0.152405 390 
0.142303 391 
0.167786 392 
0.154914 393 
0.155651 394 
0.150797 395 
0.165272 396 
0.15753 397 
0.190428 398 
0.199167 399 
0.15694 400 
0.178173 401 
0.162009 402 
0.170508 403 
0.162917 404 
0.164436 405 
0.162214 406 
0.142924 407 
0.166909 408 
0.167756 409 
0.168549 410 
0.135752 411 
0.145891 412 
0.128231 413 
0.128901 414 
0.121728 415 
0.130134 416 
0.116236 417 
0.116794 418 
0.132034 419 
0.117914 420 
0.118477 421 
0.133915 422 
0.153785 423 
0.154513 424 
0.155198 425 
0.155974 426 
0.146038 427 
0.157442 428 
0.158179 429 
0.158894 430 
0.159657 431 
0.187154 432 
0.161142 433 
0.161887 434 
0.162611 435 
0.163383 436 
0.16411 437 
0.164885 438 
0.165592 439 
0.166418 440 
0.155772 441 
0.167887 442 
0.168671 443 
0.148241 444 
0.170198 445 
0.14958 446 
0.150251 447 
0.1725 448 
0.173246 449 
0.174044 450 
0.152952 451 
0.153612 452 
0.154312 453 
0.165091 454 
0.155697 455 
0.156362 456 
0.157049 457 
0.157757 458 
0.158427 459 
0.159118 460 
0.15983 461 
0.18345 462 
0.16122 463 
0.161877 464 
0.162596 465 
0.153521 466 
0.163997 467 
0.164742 468 
0.165405 469 
0.166111 470 
0.16684 471 
0.167549 472 
0.168238 473 
0.16895 474 
0.150819 475 
0.170358 476 
0.171117 477 
0.161511 478 
0.138023 479 
0.154011 480 
0.15467 481 
0.174702 482 
0.175427 483 
0.176176 484 
0.176905 485 
0.177635 486 
0.178345 487 
0.179101 488 
0.16903 489 
0.160495 490 
0.16115 491 
0.161807 492 
0.162466 493 
0.163126 494 
0.163787 495 
0.164449 496 
0.165113 497 
0.16576 498 
0.166445 499 
0.158128 500 
0.1678 501 
0.168452 502 
0.152216 503 
0.169797 504 
0.17049 505 
0.154022 506 
0.154647 507 
0.172503 508 
0.173163 509 
0.164533 510 
0.157097 511 
0.16384 512 
0.175505 513 
0.176602 514 
0.159566 515 
0.16017 516 
0.160808 517 
0.16143 518 
0.162054 519 
0.154765 520 
0.163306 521 
0.163933 522 
0.164562 523 
0.165192 524 
0.165823 525 
0.166455 526 
0.151903 527 
0.16769 528 
0.177059 529 
0.168996 530 
0.169635 531 
0.154785 532 
0.155381 533 
0.155951 534 
0.156535 535 
0.157135 536 
0.157694 537 
0.158296 538 
0.15184 539 
0.159475 540 
0.160081 541 
0.160658 542 
0.161252 543 
0.161846 544 
0.162457 545 
0.163024 546 
0.180011 547 
0.16422 548 
0.16485 549 
0.165436 550 
0.166038 551 
0.166657 552 
0.167261 553 
0.167867 554 
0.154398 555 
0.161583 556 
0.16969 557 
0.170299 558 
0.17091 559 
0.157219 560 
0.172135 561 
0.17275 562 
0.158895 563 
0.166267 564 
0.160053 565 
0.160593 566 
0.161174 567 
0.161743 568 
0.162313 569 
0.162884 570 
0.163429 571 
0.178936 572 
0.16459 573 
0.165178 574 
0.153008 575 
0.166332 576 
0.166924 577 
0.167489 578 
0.168055 579 
0.16177 580 
0.156218 581 
0.156756 582 
0.157283 583 
0.146533 584 
0.158352 585 
0.158906 586 
0.159437 587 
0.166477 588 
0.160624 589 
0.175071 590 
0.161642 591 
0.162189 592 
0.162788 593 
0.163123 594 
0.169796 595 
0.16387 596 
0.164941 597 
0.159883 598 
0.166484 599 
0.164334 600 
0.167145 601 
0.167328 602 
0.166437 603 
0.168961 604 
0.169391 605 
0.134527 606 
0.0963727 607 
0.0869661 608 
0.0900452 609 
0.106813 610 
0.149738 611 
0.161152 612 
0.155845 613 
0.161975 614 
0.162526 615 
0.163055 616 
0.163585 617 
0.163717 618 
0.165775 619 
0.170693 620 
0.165725 621 
0.166247 622 
0.16677 623 
0.167318 624 
0.167902 625 
0.15675 626 
0.162506 627 
0.15861 628 
0.15869 629 
0.159184 630 
0.171301 631 
0.143188 632 
0.127425 633 
0.142969 634 
0.142039 635 
0.156357 636 
0.149409 637 
0.163242 638 
0.158438 639 
0.164278 640 
0.154496 641 
0.165306 642 
0.165833 643 
0.166338 644 
0.15641 645 
0.167362 646 
0.167891 647 
0.168411 648 
0.158366 649 
0.158864 650 
0.159334 651 
0.16495 652 
0.160334 653 
0.160826 654 
0.161308 655 
0.161811 656 
0.162284 657 
0.157814 658 
0.163294 659 
0.16379 660 
0.164287 661 
0.164774 662 
0.165272 663 
0.170296 664 
0.166281 665 
0.166782 666 
0.167283 667 
0.157909 668 
0.168267 669 
0.163623 670 
0.169306 671 
0.159806 672 
0.170306 673 
0.160768 674 
0.156572 675 
0.161714 676 
0.162193 677 
0.162682 678 
0.163152 679 
0.163633 680 
0.159386 681 
0.164607 682 
0.155912 683 
0.165564 684 
0.166048 685 
0.166524 686 
0.162198 687 
0.167506 688 
0.167993 689 
0.168481 690 
0.159568 691 
0.155686 692 
0.160511 693 
0.160975 694 
0.161439 695 
0.161904 696 
0.16236 697 
0.158389 698 
0.163302 699 
0.167607 700 
0.163419 701 
0.164698 702 
0.160675 703 
0.165647 704 
0.149504 705 
0.157824 706 
0.167053 707 
0.162969 708 
0.168008 709 
0.168483 710 
0.160068 711 
0.160518 712 
0.165278 713 
0.161404 714 
0.161874 715 
0.162327 716 
0.162781 717 
0.163218 718 
0.168063 719 
0.164155 720 
0.164593 721 
0.165059 722 
0.165508 723 
0.170418 724 
0.158114 725 
0.166893 726 
0.167353 727 
0.167796 728 
0.163915 729 
0.160303 730 
0.1692 731 
0.161182 732 
0.161607 733 
0.16618 734 
0.162514 735 
0.162941 736 
0.163392 737 
0.163819 738 
0.160223 739 
0.156875 740 
0.165162 741 
0.165616 742 
0.161955 743 
0.16651 744 
0.166958 745 
0.159437 746 
0.170601 747 
0.155742 748 
0.168756 749 
0.161152 750 
0.161574 751 
0.161997 752 
0.16636 753 
0.155467 754 
0.155872 755 
0.163725 756 
0.160316 757 
0.157121 758 
0.165043 759 
0.157951 760 
0.15836 761 
0.155218 762 
0.1592 763 
0.167224 764 
0.167646 765 
0.166243 766 
0.160859 767 
0.161294 768 
0.161699 769 
0.165808 770 
0.162556 771 
0.162978 772 
0.163408 773 
0.163794 774 
0.160531 775 
0.157514 776 
0.165104 777 
0.169294 778 
0.169706 779 
0.166373 780 
0.159564 781 
0.167235 782 
0.163825 783 
0.168084 784 
0.161182 785 
0.1616 786 
0.16935 787 
0.165924 788 
0.16285 789 
0.163242 790 
0.163648 791 
0.160487 792 
0.164491 793 
0.15803 794 
0.165322 795 
0.162126 796 
0.166147 797 
0.162921 798 
0.16699 799 
0.166443 800 
0.160829 801 
0.161238 802 
0.16164 803 
0.165394 804 
0.162439 805 
0.162843 806 
0.163254 807 
0.160232 808 
0.164065 809 
0.157881 810 
0.164877 811 
0.161822 812 
0.159059 813 
0.166092 814 
0.1665 815 
0.17039 816 
0.167325 817 
0.167728 818 
0.161415 819 
0.165026 820 
0.162205 821 
0.1626 822 
0.162996 823 
0.162409 824 
0.163796 825 
0.16418 826 
0.164584 827 
0.161663 828 
0.165381 829 
0.1594 830 
0.159772 831 
0.163254 832 
0.160561 833 
0.160946 834 
0.161308 835 
0.164827 836 
0.162106 837 
0.162488 838 
0.162863 839 
0.160133 840 
0.163666 841 
0.164467 842 
0.161261 843 
0.160087 844 
0.159102 845 
0.165579 846 
0.162813 847 
0.160228 848 
0.166788 849 
0.160967 850 
0.164348 851 
0.167975 852 
0.162123 853 
0.15953 854 
0.162818 855 
0.163332 856 
0.163623 857 
0.16077 858 
0.164632 859 
0.164777 860 
0.162666 861 
0.158567 862 
0.160022 863 
0.160382 864 
0.163314 865 
0.161125 866 
0.161509 867 
0.161864 868 
0.164816 869 
0.162862 870 
0.163003 871 
0.166247 872 
0.163541 873 
0.165892 874 
0.161388 875 
0.164879 876 
0.167926 877 
0.165432 878 
0.162896 879 
0.165023 880 
0.161024 881 
0.164113 882 
0.161834 883 
0.162117 884 
0.168267 885 
0.165535 886 
0.163022 887 
0.163576 888 
0.161863 889 
0.164461 890 
0.164689 891 
0.167856 892 
0.165269 893 
0.165811 894 
0.166159 895 
0.16344 896 
0.159666 897 
0.167298 898 
0.164989 899 
0.162564 900 
0.162952 901 
0.164769 902 
0.163518 903 
0.16388 904 
0.161474 905 
0.154346 906 
0.1595 907 
0.165561 908 
0.162595 909 
0.166063 910 
0.166206 911 
0.163864 912 
0.161753 913 
0.160463 914 
0.165177 915 
0.162744 916 
0.168622 917 
0.161344 918 
0.164125 919 
0.164264 920 
0.161791 921 
0.159575 922 
0.160408 923 
0.163272 924 
0.166049 925 
0.16121 926 
0.164057 927 
0.161887 928 
0.162434 929 
0.167849 930 
0.164585 931 
0.163127 932 
0.165429 933 
0.163771 934 
0.164359 935 
0.164695 936 
0.162391 937 
0.161736 938 
0.160839 939 
0.163493 940 
0.164909 941 
0.167065 942 
0.164879 943 
0.164918 944 
0.167862 945 
0.165587 946 
0.163906 947 
0.165294 948 
0.166588 949 
0.164525 950 
0.164731 951 
0.162561 952 
0.16545 953 
0.163342 954 
0.166266 955 
0.166614 956 
0.164391 957 
0.16716 958 
0.162727 959 
0.165537 960 
0.163498 961 
0.163795 962 
0.162302 963 
0.164434 964 
0.164741 965 
0.163463 966 
0.16277 967 
0.160134 968 
0.166202 969 
0.154601 970 
0.155175 971 
0.157346 972 
0.162738 973 
0.162255 974 
0.161346 975 
0.164303 976 
0.155027 977 
0.157563 978 
0.158298 979 
0.144193 980 
0.131584 981 
0.150617 982 
0.161479 983 
0.161794 984 
0.164357 985 
0.167111 986 
0.154884 987 
0.158306 988 
0.159023 989 
0.153801 990 
0.1602 991 
0.159785 992 
0.155459 993 
0.15643 994 
0.157848 995 
0.158069 996 
0.161623 997 
0.158238 998 
0.157874 999 
0.160415 1000 
